30-DAY MARKET CAP HISTORY FOR ALL SECTORS (BILLIONS USD)
====================================================================================================

sector      AI Infrastructure   AdTech  Cloud Infrastructure  Consumer Internet  Cybersecurity  Dev Tools / Analytics  Enterprise SaaS  Fintech  Hardware / Devices  IT Services / Legacy Tech  SMB SaaS  Semiconductors  Vertical SaaS  eCommerce
date                                                                                                                                                                                                                                              
2025-04-12            4998.26  4167.57                401.89            6010.21         720.10                 196.04          9019.59   394.01             4208.65                    2245.84   6079.86         5918.50         397.95    2041.28
2025-04-13            4882.91  4152.99                389.72            5983.43         717.04                 202.00          9147.13   393.37             4315.01                    2231.52   6196.43         6214.99         393.34    1954.04
2025-04-14            5130.95  4166.88                407.47            6074.33         720.15                 194.16          9059.69   407.47             4311.71                    2191.38   6033.42         6022.16         410.54    1981.32
2025-04-15            4952.39  4324.53                399.00            5899.87         684.01                 195.36          9077.94   406.03             4380.40                    2147.04   6237.01         6199.59         388.78    2017.92
2025-04-16            4966.53  4181.10                408.95            6033.40         698.59                 204.42          9088.93   393.19             4176.64                    2262.40   6024.77         5984.03         388.72    1940.90
2025-04-17            5091.42  4284.96                402.03            6167.50         703.79                 200.25          9346.00   392.07             4382.91                    2153.12   6080.33         6138.97         392.26    1986.85
2025-04-18            4998.94  4298.29                409.08            6047.57         718.41                 200.26          9310.04   400.71             4328.30                    2243.57   5988.18         6191.76         403.24    2034.29
2025-04-19            4853.14  4226.54                405.48            5854.34         714.20                 198.08          8906.24   406.23             4230.70                    2201.34   6168.41         6086.80         402.67    1965.36
2025-04-20            5100.84  4155.84                398.09            6082.63         679.20                 199.91          9012.98   405.76             4181.14                    2155.98   6066.66         6173.79         391.87    1956.68
2025-04-21            4906.67  4144.84                390.78            6074.56         719.70                 198.97          9163.43   388.74             4237.60                    2199.26   6212.89         6272.80         395.22    2013.64
2025-04-22            4907.45  4164.66                405.19            6169.71         680.93                 200.29          9149.18   405.40             4207.69                    2193.81   6004.27         6131.89         388.05    2050.01
2025-04-23            5078.85  4318.02                407.75            6165.72         694.11                 196.99          8947.22   391.14             4413.64                    2176.19   5975.79         6019.23         389.90    2057.44
2025-04-24            4872.85  4206.13                400.83            5991.51         703.24                 205.14          8966.78   392.94             4193.24                    2263.13   6264.15         6069.84         409.12    2032.71
2025-04-25            5032.01  4293.08                400.89            5982.31         714.39                 195.64          9171.45   408.85             4345.28                    2156.29   6188.99         5920.02         410.09    2023.32
2025-04-26            5113.14  4131.66                398.76            5865.15         700.20                 194.35          8863.10   405.25             4331.32                    2237.95   6276.36         6092.08         404.19    2014.05
2025-04-27            5058.29  4105.05                406.36            5833.25         693.09                 195.57          8836.98   391.21             4303.96                    2212.94   5960.08         5957.49         401.69    1994.09
2025-04-28            5007.29  4149.14                394.19            5913.31         686.87                 203.40          9111.69   397.17             4356.61                    2242.39   5920.48         6268.95         392.18    1990.80
2025-04-29            5025.30  4117.39                406.35            5923.51         706.53                 196.13          8920.21   395.87             4252.92                    2225.53   6039.55         6052.08         391.98    2012.09
2025-04-30            4869.74  4125.46                402.44            6028.26         714.81                 202.17          9253.73   404.87             4373.96                    2171.04   6014.76         5971.26         393.16    2000.29
2025-05-01            4947.26  4162.99                411.56            6043.82         715.78                 198.20          9267.14   395.54             4241.80                    2178.37   6182.10         6029.92         403.67    1988.25
2025-05-02            4941.93  4229.00                394.96            5871.41         681.95                 194.08          8913.56   408.53             4419.96                    2177.50   6001.76         6005.19         407.77    1953.82
2025-05-03            5030.53  4206.58                390.43            6040.56         704.07                 196.14          8836.26   403.45             4197.34                    2143.27   6018.23         6090.30         392.18    2010.94
2025-05-04            4935.99  4164.20                401.74            5943.71         713.80                 197.16          9257.35   410.10             4405.98                    2230.80   6254.26         5974.74         399.07    2037.08
2025-05-05            5020.95  4221.81                411.87            5891.14         715.90                 203.07          9042.65   390.92             4235.93                    2206.76   6073.94         6069.62         390.11    2047.10
2025-05-06            4920.03  4225.50                398.18            6093.98         692.19                 205.56          9067.56   402.95             4210.88                    2207.21   5978.44         6191.99         405.40    2049.28
2025-05-07            4887.57  4126.91                391.20            6013.75         713.95                 202.16          9366.35   398.93             4227.18                    2181.52   5934.64         6007.82         393.95    1994.74
2025-05-08            4893.54  4183.90                393.64            5972.46         708.88                 200.17          9154.88   399.95             4259.27                    2167.82   6234.56         6031.76         411.08    1999.63
2025-05-09            5027.88  4302.51                398.39            6151.68         687.51                 198.75          9195.43   409.00             4396.27                    2230.03   6204.86         6006.32         396.31    2011.64
2025-05-10            5086.42  4253.24                389.74            5874.97         716.07                 199.96          8953.78   388.42             4185.33                    2171.74   5933.11         5969.09         400.12    1985.76
2025-05-11            5000.00  4200.00                400.00            6000.00         700.00                 200.00          9100.00   400.00             4300.00                    2200.00   6100.00         6100.00         400.00    2000.00


CURRENT MARKET CAPS (MAY 11, 2025)
==================================================

                   sector  market_cap
        AI Infrastructure    12147.06
     Cloud Infrastructure     8228.36
          Enterprise SaaS     6813.85
           Semiconductors     5294.66
        Consumer Internet     4395.43
                 SMB SaaS     3876.81
                eCommerce     3666.05
                   AdTech     3635.01
       Hardware / Devices     3143.58
IT Services / Legacy Tech      886.32
            Cybersecurity      465.84
                  Fintech      350.13
            Vertical SaaS      254.59
    Dev Tools / Analytics      121.29